TEN TERRIFIC EXCUSES   02/09/17                  PAGE 01                        
                                                                                
0640004                                                                         
032   2                                                                         
0r40007                                                                         
0340007                                                                         
073 730                                                                         
074000Q                                                                         
0750750                                                                         
06105 1                                                                         
011 520                                                                         
0950005                                                                         
0810003                                                                         
1259999                                                                         
0840004                                                                         
0410010                                                                         
0520012                                                                         
0420010                                                                         
0430003                                                                         
0540004                                                                         
0850005                                                                         
0910100                                                                         
1250008                                                                         
0810003                                                                         
A010011                                                                         